



256,256,256,256,256,256,256,256,256,256,
256,256,256,256,256,256,256,256,256,256,
256,256,256,256,256,256,256,256,128,128,
128,128,128,128,128,128,128,128,128,128,
128,128,128,128,128,128,128,128,128,128,
128,128,128,128,128,128,128,128,128,128,
128,128,128,128,128,128,128,128,128,128,
128,128,128,128,128,128,128,128,128,128,
128,128,128,128,128,64,64,64,64,64,
64,64,64,64,64,64,64,64,64,64,
64,64,64,64,64,64,64,64,64,64,
64,64,64,64,64,64,64,64,64,64,
64,64,64,64,64,64,64,64,64,64,
64,64,64,64,64,64,64,64,64,64,
64,64,64,64,64,64,64,64,64,64,
64,64,64,64,64,64,64,64,64,64,
64,64,64,64,64,64,64,64,64,64,
64,64,64,64,64,64,64,64,64,64,
64,64,64,64,64,64,64,64,64,64,
64,64,64,64,64,64,64,64,64,32,
32,32,32,32,32,32,32,32,32,32,
32,32,32,32,32,32,32,32,32,32,
32,32,32,32,32,32,32,32,32,32,
32,32,32,32,32,32,32,32,32,32,
32,32,32,32,32,32,32,32,32,32,
32,32,32,32,32,32,32,32,32,32,
32,32,32,32,32,32,32,32,32,32,
32,32,32,32,32,32,32,32,32,32,
32,32,32,32,32,32,32,32,32,32,
32,32,32,32,32,32,32,32,32,32,
32,32,32,32,32,32,32,32,32,32,
32,32,32,32,32,32,32,32,32,32,
32,32,32,32,32,32,32,32,32,32,
32,32,32,32,32,32,32,32,32,32,
32,32,32,32,32,32,32,32,32,32,
32,32,32,32,32,32,32,32,32,32,
32,32,32,32,32,32,32,32,32,32,
32,32,32,32,32,32,32,32,32,32,
32,32,32,32,32,32,32,32,32,32,
32,32,32,32,32,32,32,32,32,32,
32,32,32,32,32,32,32,32,32,32,
32,32,32,32,32,32,32,32,32,32,
32,32,32,32,32,32,32,32,16,16,
16,16,16,16,16,16,16,16,16,16,
16,16,16,16,16,16,16,16,16,16,
16,16,16,16,16,16,16,16,16,16,
16,16,16,16,16,16,16,16,16,16,
16,16,16,16,16,16,16,16,16,16,
16,16,16,16,16,16,16,16,16,16,
16,16,16,16,16,16,16,16,16,16,
16,16,16,16,16,16,16,16,16,16,
16,16,16,16,16,16,16,16,16,16,
16,16,16,16,16,16,16,16,16,16,
16,16,16,16,16,16,16,16,16,16,
16,16,16,16,16,16,16,16,16,16,
16,16,16,16,16,16,16,16,16,16,
16,16,16,16,16,16,16,16,16,16,
16,16,16,16,16,16,16,16,16,16,
16,16,16,16,16,16,16,16,16,16,
16,16,16,16,16,16,16,16,16,16,
16,16,16,16,16,16,16,16,16,16,
16,16,16,16,16,16,16,16,16,16,
16,16,16,16,16,16,16,16,16,16,
16,16,16,16,16,16,16,16,16,16,
16,16,16,16,16,16,16,16,16,16,
16,16,16,16,16,16,16,16,16,16,
16,16,16,16,16,16,16,16,16,16,
16,16,16,16,16,16,16,16,16,16,
16,16,16,16,16,16,16,16,16,16,
16,16,16,16,16,16,16,16,16,16,
16,16,16,16,16,16,16,16,16,16,
16,16,16,16,16,16,16,16,16,16,
16,16,16,16,16,16,16,16,16,16,
16,16,16,16,16,16,16,16,16,16,
16,16,16,16,16,16,16,16,16,16,
16,16,16,16,16,16,16,16,16,16,
16,16,16,16,16,16,16,16,16,16,
16,16,16,16,16,16,16,16,16,16,
16,16,16,16,16,16,16,16,16,16,
16,16,16,16,16,16,16,16,16,16,
16,16,16,16,16,16,16,16,16,16,
16,16,16,16,16,16,16,16,16,16,
16,16,16,16,16,16,16,16,16,16,
16,16,16,16,16,16,16,16,16,16,
16,16,16,16,16,16,16,16,16,16,
16,16,16,16,16,16,16,16,16,16,
16,16,16,16,16,16,16,16,16,16,
16,16,16,16,16,16,16,16,16,16,
16,16,16,16,16,16,8,8,8,8,
8,8,8,8,8,8,8,8,8,8,
8,8,8,8,8,8,8,8,8,8,
8,8,8,8,8,8,8,8,8,8,
8,8,8,8,8,8,8,8,8,8,
8,8,8,8,8,8,8,8,8,8,
8,8,8,8,8,8,8,8,8,8,
8,8,8,8,8,8,8,8,8,8,
8,8,8,8,8,8,8,8,8,8,
8,8,8,8,8,8,8,8,8,8,
8,8,8,8,8,8,8,8,8,8,
8,8,8,8,8,8,8,8,8,8,
8,8,8,8,8,8,8,8,8,8,
8,8,8,8,8,8,8,8,8,8,
8,8,8,8,8,8,8,8,8,8,
8,8,8,8,8,8,8,8,8,8,
8,8,8,8,8,8,8,8,8,8,
8,8,8,8,8,8,8,8,8,8,
8,8,8,8,8,8,8,8,8,8,
8,8,8,8,8,8,8,8,8,8,
8,8,8,8,8,8,8,8,8,8,
8,8,8,8,8,8,8,8,8,8,
8,8,8,8,8,8,8,8,8,8,
8,8,8,8,8,8,8,8,8,8,
8,8,8,8,8,8,8,8,8,8,
8,8,8,8,8,8,8,8,8,8,
8,8,8,8,8,8,8,8,8,8,
8,8,8,8,8,8,8,8,8,8,
8,8,8,8,8,8,8,8,8,8,
8,8,8,8,8,8,8,8,8,8,
8,8,8,8,8,8,8,8,8,8,
8,8,8,8,8,8,8,8,8,8,
8,8,8,8,8,8,8,8,8,8,
8,8,8,8,8,8,8,8,8,8,
8,8,8,8,8,8,8,8,8,8,
8,8,8,8,8,8,8,8,8,8,
8,8,8,8,8,8,8,8,8,8,
8,8,8,8,8,8,8,8,8,8,
8,8,8,8,8,8,8,8,8,8,
8,8,8,8,8,8,8,8,8,8,
8,8,8,8,8,8,8,8,8,8,
8,8,8,8,8,8,8,8,8,8,
8,8,8,8,8,8,8,8,8,8,
8,8,8,8,8,8,8,8,8,8,
8,8,8,8,8,8,8,8,8,8,
8,8,8,8,8,8,8,8,8,8,
8,8,8,8,8,8,8,8,8,8,
8,8,8,8,8,8,8,8,8,8,
8,8,8,8,8,8,8,8,8,8,
8,8,8,8,8,8,8,8,8,8,
8,8,8,8,8,8,8,8,8,8,
8,8,8,8,8,8,8,8,8,8,
8,8,8,8,8,8,8,8,8,8,
8,8,8,8,8,8,8,8,8,8,
8,8,8,8,8,8,8,8,8,8,
8,8,8,8,8,8,8,8,8,8,
8,8,8,8,8,8,8,8,8,8,
8,8,8,8,8,8,8,8,8,8,
8,8,8,8,8,8,8,8,8,8,
8,8,8,8,8,8,8,8,8,8,
8,8,8,8,8,8,8,8,8,8,
8,8,8,8,8,8,8,8,8,8,
8,8,8,8,8,8,8,8,8,8,
8,8,8,8,8,8,8,8,8,8,
8,8,8,8,8,8,8,8,8,8,
8,8,8,8,8,8,8,8,8,8,
8,8,8,8,8,8,8,8,8,8,
8,8,8,8,8,8,8,8,8,8,
8,8,8,8,8,8,8,8,8,8,
8,8,8,8,8,8,8,8,8,8,
8,8,8,8,8,8,8,8,8,8,
8,8,8,8,8,8,8,8,8,8,
8,8,8,8,8,8,8,8,8,8,
8,8,8,8,8,8,8,8,8,8,
8,8,8,8,8,8,8,8,8,8,
8,8,8,8,8,8,8,8,8,8,
8,8,8,8,8,8,8,8,8,8,
8,8,8,8,8,8,8,8,8,8,
8,8,8,8,8,8,8,8,8,8,
8,8,8,8,8,8,8,8,8,8,
8,8,8,8,8,8,8,8,8,8,
8,8,8,8,8,8,8,8,8,8,
8,8,8,8,8,8,8,8,8,8,
8,8,8,8,8,8,8,8,8,8,
8,8,8,8,8,8,8,8,8,8,
8,8,8,8,8,8,8,8,8,8,
8,8,8,8,8,8,8,8,8,8,
8,8,8,8,8,8,8,8,8,8,
8,8,8,8,8,8,8,8,8,8,
8,8,8,8,8,8,8,8,8,8,
8,8,8,8,8,8,8,8,8,8,
8,8,8,8,8,8,8,8,8,8,
8,4,4,4,4,4,4,4,4,4,
4,4,4,4,4,4,4,4,4,4,
4,4,4,4,4,4,4,4,4,4,
4,4,4,4,4,4,4,4,4,4,
4,4,4,4,4,4,4,4,4,4,
4,4,4,4,4,4,4,4,4,4,
4,4,4,4,4,4,4,4,4,4,
4,4,4,4,4,4,4,4,4,4,
4,4,4,4,4,4,4,4,4,4,
4,4,4,4,4,4,4,4,4,4,
4,4,4,4,4,4,4,4,4,4,
4,4,4,4,4,4,4,4,4,4,
4,4,4,4,4,4,4,4,4,4,
4,4,4,4,4,4,4,4,4,4,
4,4,4,4,4,4,4,4,4,4,
4,4,4,4,4,4,4,4,4,4,
4,4,4,4,4,4,4,4,4,4,
4,4,4,4,4,4,4,4,4,4,
4,4,4,4,4,4,4,4,4,4,
4,4,4,4,4,4,4,4,4,4,
4,4,4,4,4,4,4,4,4,4,
4,4,4,4,4,4,4,4,4,4,
4,4,4,4,4,4,4,4,4,4,
4,4,4,4,4,4,4,4,4,4,
4,4,4,4,4,4,4,4,4,4,
4,4,4,4,4,4,4,4,4,4,
4,4,4,4,4,4,4,4,4,4,
4,4,4,4,4,4,4,4,4,4,
4,4,4,4,4,4,4,4,4,4,
4,4,4,4,4,4,4,4,4,4,
4,4,4,4,4,4,4,4,4,4,
4,4,4,4,4,4,4,4,4,4,
4,4,4,4,4,4,4,4,4,4,
4,4,4,4,4,4,4,4,4,4,
4,4,4,4,4,4,4,4,4,4,
4,4,4,4,4,4,4,4,4,4,
4,4,4,4,4,4,4,4,4,4,
4,4,4,4,4,4,4,4,4,4,
4,4,4,4,4,4,4,4,4,4,
4,4,4,4,4,4,4,4,4,4,
4,4,4,4,4,4,4,4,4,4,
4,4,4,4,4,4,4,4,4,4,
4,4,4,4,4,4,4,4,4,4,
4,4,4,4,4,4,4,4,4,4,
4,4,4,4,4,4,4,4,4,4,
4,4,4,4,4,4,4,4,4,4,
4,4,4,4,4,4,4,4,4,4,
4,4,4,4,4,4,4,4,4,4,
4,4,4,4,4,4,4,4,4,4,
4,4,4,4,4,4,4,4,4,4,
4,4,4,4,4,4,4,4,4,4,
4,4,4,4,4,4,4,4,4,4,
4,4,4,4,4,4,4,4,4,4,
4,4,4,4,4,4,4,4,4,4,
4,4,4,4,4,4,4,4,4,4,
4,4,4,4,4,4,4,4,4,4,
4,4,4,4,4,4,4,4,4,4,
4,4,4,4,4,4,4,4,4,4,
4,4,4,4,4,4,4,4,4,4,
4,4,4,4,4,4,4,4,4,4,
4,4,4,4,4,4,4,4,4,4,
4,4,4,4,4,4,4,4,4,4,
4,4,4,4,4,4,4,4,4,4,
4,4,4,4,4,4,4,4,4,4,
4,4,4,4,4,4,4,4,4,4,
4,4,4,4,4,4,4,4,4,4,
4,4,4,4,4,4,4,4,4,4,
4,4,4,4,4,4,4,4,4,4,
4,4,4,4,4,4,4,4,4,4,
4,4,4,4,4,4,4,4,4,4,
4,4,4,4,4,4,4,4,4,4,
4,4,4,4,4,4,4,4,4,4,
4,4,4,4,4,4,4,4,4,4,
4,4,4,4,4,4,4,4,4,4,
4,4,4,4,4,4,4,4,4,4,
4,4,4,4,4,4,4,4,4,4,
4,4,4,4,4,4,4,4,4,4,
4,4,4,4,4,4,4,4,4,4,
4,4,4,4,4,4,4,4,4,4,
4,4,4,4,4,4,4,4,4,4,
4,4,4,4,4,4,4,4,4,4,
4,4,4,4,4,4,4,4,4,4,
4,4,4,4,4,4,4,4,4,4,
4,4,4,4,4,4,4,4,4,4,
4,4,4,4,4,4,4,4,4,4,
4,4,4,4,4,4,4,4,4,4,
4,4,4,4,4,4,4,4,4,4,
4,4,4,4,4,4,4,4,4,4,
4,4,4,4,4,4,4,4,4,4,
4,4,4,4,4,4,4,4,4,4,
4,4,4,4,4,4,4,4,4,4,
4,4,4,4,4,4,4,4,4,4,
4,4,4,4,4,4,4,4,4,4,
4,4,4,4,4,4,4,4,4,4,
4,4,4,4,4,4,4,4,4,4,
4,4,4,4,4,4,4,4,4,4,
4,4,4,4,4,4,4,4,4,4,
4,4,4,4,4,4,4,4,4,4,
4,4,4,4,4,4,4,4,4,4,
4,4,4,4,4,4,4,4,4,4,
4,4,4,4,4,4,4,4,4,4,
4,4,4,4,4,4,4,4,4,4,
4,4,4,4,4,4,4,4,4,4,
4,4,4,4,4,4,4,4,4,4,
4,4,4,4,4,4,4,4,4,4,
4,4,4,4,4,4,4,4,4,4,
4,4,4,4,4,4,4,4,4,4,
4,4,4,4,4,4,4,4,4,4,
4,4,4,4,4,4,4,4,4,4,
4,4,4,4,4,4,4,4,4,4,
4,4,4,4,4,4,4,4,4,4,
4,4,4,4,4,4,4,4,4,4,
4,4,4,4,4,4,4,4,4,4,
4,4,4,4,4,4,4,4,4,4,
4,4,4,4,4,4,4,4,4,4,
4,4,4,4,4,4,4,4,4,4,
4,4,4,4,4,4,4,4,4,4,
4,4,4,4,4,4,4,4,4,4,
4,4,4,4,4,4,4,4,4,4,
4,4,4,4,4,4,4,4,4,4,
4,4,4,4,4,4,4,4,4,4,
4,4,4,4,4,4,4,4,4,4,
4,4,4,4,4,4,4,4,4,4,
4,4,4,4,4,4,4,4,4,4,
4,4,4,4,4,4,4,4,4,4,
4,4,4,4,4,4,4,4,4,4,
4,4,4,4,4,4,4,4,4,4,
4,4,4,4,4,4,4,4,4,4,
4,4,4,4,4,4,4,4,4,4,
4,4,4,4,4,4,4,4,4,4,
4,4,4,4,4,4,4,4,4,4,
4,4,4,4,4,4,4,4,4,4,
4,4,4,4,4,4,4,4,4,4,
4,4,4,4,4,4,4,4,4,4,
4,4,4,4,4,4,4,4,4,4,
4,4,4,4,4,4,4,4,4,4,
4,4,4,4,4,4,4,4,4,4,
4,4,4,4,4,4,4,4,4,4,
4,4,4,4,4,4,4,4,4,4,
4,4,4,4,4,4,4,4,4,4,
4,4,4,4,4,4,4,4,4,4,
4,4,4,4,4,4,4,4,4,4,
4,4,4,4,4,4,4,4,4,4,
4,4,4,4,4,4,4,4,4,4,
4,4,4,4,4,4,4,4,4,4,
4,4,4,4,4,4,4,4,4,4,
4,4,4,4,4,4,4,4,4,4,
4,4,4,4,4,4,4,4,4,4,
4,4,4,4,4,4,4,4,4,4,
4,4,4,4,4,4,4,4,4,4,
4,4,4,4,4,4,4,4,4,4,
4,4,4,4,4,4,4,4,4,4,
4,4,4,4,4,4,4,4,4,4,
4,4,4,4,4,4,4,4,4,4,
4,4,4,4,4,4,4,4,4,4,
4,4,4,4,4,4,4,4,4,4,
4,4,4,4,4,4,4,4,4,4,
4,4,4,4,4,4,4,4,4,4,
4,4,4,4,4,4,4,4,4,4,
4,4,4,4,4,4,4,4,4,4,
4,4,4,4,4,4,4,4,4,4,
4,4,4,4,4,4,4,4,4,4,
4,4,4,4,4,4,4,4,4,4,
4,4,4,4,4,4,4,4,4,4,
4,4,4,4,4,4,4,4,4,4,
4,4,4,4,4,4,4,4,4,4,
4,4,4,4,4,4,4,4,4,4,
4,4,4,4,4,4,4,4,4,4,
4,4,4,4,4,4,4,4,4,4,
4,4,4,4,4,4,4,4,4,4,
4,4,4,4,4,4,4,4,4,4,
4,4,4,4,4,4,4,4,4,4,
4,4,4,4,4,4,4,4,4,4,
4,4,4,4,4,4,4,4,4,4,
4,4,4,4,4,4,4,4,4,4,
4,4,4,4,4,4,4,4,4,4,
4,4,4,4,4,4,4,4,4,4,
4,4,4,4,4,4,4,4,4,4,
4,4,4,4,4,4,4,4,4,4,
4,4,4,4,4,4,4,4,4,4,
4,4,4,4,4,4,4,4,4,4,
4,4,4,4,4,4,4,4,4,4,
4,4,4,4,4,4,4,4,4,4,
4,4,2,2,2,2,2,2,2,2,
2,2,2,2,2,2,2,2,2,2,
2,2,2,2,2,2,2,2,2,2,
2,2,2,2,2,2,2,2,2,2,
2,2,2,2,2,2,2,2,2,2,
2,2,2,2,2,2,2,2,2,2,
2,2,2,2,2,2,2,2,2,2,
2,2,2,2,2,2,2,2,2,2,
2,2,2,2,2,2,2,2,2,2,
2,2,2,2,2,2,2,2,2,2,
2,2,2,2,2,2,2,2,2,2,
2,2,2,2,2,2,2,2,2,2,
2,2,2,2,2,2,2,2,2,2,
2,2,2,2,2,2,2,2,2,2,
2,2,2,2,2,2,2,2,2,2,
2,2,2,2,2,2,2,2,2,2,
2,2,2,2,2,2,2,2,2,2,
2,2,2,2,2,2,2,2,2,2,
2,2,2,2,2,2,2,2,2,2,
2,2,2,2,2,2,2,2,2,2,
2,2,2,2,2,2,2,2,2,2,
2,2,2,2,2,2,2,2,2,2,
2,2,2,2,2,2,2,2,2,2,
2,2,2,2,2,2,2,2,2,2,
2,2,2,2,2,2,2,2,2,2,
2,2,2,2,2,2,2,2,2,2,
2,2,2,2,2,2,2,2,2,2,
2,2,2,2,2,2,2,2,2,2,
2,2,2,2,2,2,2,2,2,2,
2,2,2,2,2,2,2,2,2,2,
2,2,2,2,2,2,2,2,2,2,
2,2,2,2,2,2,2,2,2,2,
2,2,2,2,2,2,2,2,2,2,
2,2,2,2,2,2,2,2,2,2,
2,2,2,2,2,2,2,2,2,2,
2,2,2,2,2,2,2,2,2,2,
2,2,2,2,2,2,2,2,2,2,
2,2,2,2,2,2,2,2,2,2,
2,2,2,2,2,2,2,2,2,2,
2,2,2,2,2,2,2,2,2,2,
2,2,2,2,2,2,2,2,2,2,
2,2,2,2,2,2,2,2,2,2,
2,2,2,2,2,2,2,2,2,2,
2,2,2,2,2,2,2,2,2,2,
2,2,2,2,2,2,2,2,2,2,
2,2,2,2,2,2,2,2,2,2,
2,2,2,2,2,2,2,2,2,2,
2,2,2,2,2,2,2,2,2,2,
2,2,2,2,2,2,2,2,2,2,
2,2,2,2,2,2,2,2,2,2,
2,2,2,2,2,2,2,2,2,2,
2,2,2,2,2,2,2,2,2,2,
2,2,2,2,2,2,2,2,2,2,
2,2,2,2,2,2,2,2,2,2,
2,2,2,2,2,2,2,2,2,2,
2,2,2,2,2,2,2,2,2,2,
2,2,2,2,2,2,2,2,2,2,
2,2,2,2,2,2,2,2,2,2,
2,2,2,2,2,2,2,2,2,2,
2,2,2,2,2,2,2,2,2,2,
2,2,2,2,2,2,2,2,2,2,
2,2,2,2,2,2,2,2,2,2,
2,2,2,2,2,2,2,2,2,2,
2,2,2,2,2,2,2,2,2,2,
2,2,2,2,2,2,2,2,2,2,
2,2,2,2,2,2,2,2,2,2,
2,2,2,2,2,2,2,2,2,2,
2,2,2,2,2,2,2,2,2,2,
2,2,2,2,2,2,2,2,2,2,
2,2,2,2,2,2,2,2,2,2,
2,2,2,2,2,2,2,2,2,2,
2,2,2,2,2,2,2,2,2,2,
2,2,2,2,2,2,2,2,2,2,
2,2,2,2,2,2,2,2,2,2,
2,2,2,2,2,2,2,2,2,2,
2,2,2,2,2,2,2,2,2,2,
2,2,2,2,2,2,2,2,2,2,
2,2,2,2,2,2,2,2,2,2,
2,2,2,2,2,2,2,2,2,2,
2,2,2,2,2,2,2,2,2,2,
2,2,2,2,2,2,2,2,2,2,
2,2,2,2,2,2,2,2,2,2,
2,2,2,2,2,2,2,2,2,2,
2,2,2,2,2,2,2,2,2,2,
2,2,2,2,2,2,2,2,2,2,
2,2,2,2,2,2,2,2,2,2,
2,2,2,2,2,2,2,2,2,2,
2,2,2,2,2,2,2,2,2,2,
2,2,2,2,2,2,2,2,2,2,
2,2,2,2,2,2,2,2,2,2,
2,2,2,2,2,2,2,2,2,2,
2,2,2,2,2,2,2,2,2,2,
2,2,2,2,2,2,2,2,2,2,
2,2,2,2,2,2,2,2,2,2,
2,2,2,2,2,2,2,2,2,2,
2,2,2,2,2,2,2,2,2,2,
2,2,2,2,2,2,2,2,2,2,
2,2,2,2,2,2,2,2,2,2,
2,2,2,2,2,2,2,2,2,2,
2,2,2,2,2,2,2,2,2,2,
2,2,2,2,2,2,2,2,2,2,
2,2,2,2,2,2,2,2,2,2,
2,2,2,2,2,2,2,2,2,2,
2,2,2,2,2,2,2,2,2,2,
2,2,2,2,2,2,2,2,2,2,
2,2,2,2,2,2,2,2,2,2,
2,2,2,2,2,2,2,2,2,2,
2,2,2,2,2,2,2,2,2,2,
2,2,2,2,2,2,2,2,2,2,
2,2,2,2,2,2,2,2,2,2,
2,2,2,2,2,2,2,2,2,2,
2,2,2,2,2,2,2,2,2,2,
2,2,2,2,2,2,2,2,2,2,
2,2,2,2,2,2,2,2,2,2,
2,2,2,2,2,2,2,2,2,2,
2,2,2,2,2,2,2,2,2,2,
2,2,2,2,2,2,2,2,2,2,
2,2,2,2,2,2,2,2,2,2,
2,2,2,2,2,2,2,2,2,2,
2,2,2,2,2,2,2,2,2,2,
2,2,2,2,2,2,2,2,2,2,
2,2,2,2,2,2,2,2,2,2,
2,2,2,2,2,2,2,2,2,2,
2,2,2,2,2,2,2,2,2,2,
2,2,2,2,2,2,2,2,2,2,
2,2,2,2,2,2,2,2,2,2,
2,2,2,2,2,2,2,2,2,2,
2,2,2,2,2,2,2,2,2,2,
2,2,2,2,2,2,2,2,2,2,
2,2,2,2,2,2,2,2,2,2,
2,2,2,2,2,2,2,2,2,2,
2,2,2,2,2,2,2,2,2,2,
2,2,2,2,2,2,2,2,2,2,
2,2,2,2,2,2,2,2,2,2,
2,2,2,2,2,2,2,2,2,2,
2,2,2,2,2,2,2,2,2,2,
2,2,2,2,2,2,2,2,2,2,
2,2,2,2,2,2,2,2,2,2,
2,2,2,2,2,2,2,2,2,2,
2,2,2,2,2,2,2,2,2,2,
2,2,2,2,2,2,2,2,2,2,
2,2,2,2,2,2,2,2,2,2,
2,2,2,2,2,2,2,2,2,2,
2,2,2,2,2,2,2,2,2,2,
2,2,2,2,2,2,2,2,2,2,
2,2,2,2,2,2,2,2,2,2,
2,2,2,2,2,2,2,2,2,2,
2,2,2,2,2,2,2,2,2,2,
2,2,2,2,2,2,2,2,2,2,
2,2,2,2,2,2,2,2,2,2,
2,2,2,2,2,2,2,2,2,2,
2,2,2,2,2,2,2,2,2,2,
2,2,2,2,2,2,2,2,2,2,
2,2,2,2,2,2,2,2,2,2,
2,2,2,2,2,2,2,2,2,2,
2,2,2,2,2,2,2,2,2,2,
2,2,2,2,2,2,2,2,2,2,
2,2,2,2,2,2,2,2,2,2,
2,2,2,2,2,2,2,2,2,2,
2,2,2,2,2,2,2,2,2,2,
2,2,2,2,2,2,2,2,2,2,
2,2,2,2,2,2,2,2,2,2,
2,2,2,2,2,2,2,2,2,2,
2,2,2,2,2,2,2,2,2,2,
2,2,2,2,2,2,2,2,2,2,
2,2,2,2,2,2,2,2,2,2,
2,2,2,2,2,2,2,2,2,2,
2,2,2,2,2,2,2,2,2,2,
2,2,2,2,2,2,2,2,2,2,
2,2,2,2,2,2,2,2,2,2,
2,2,2,2,2,2,2,2,2,2,
2,2,2,2,2,2,2,2,2,2,
2,2,2,2,2,2,2,2,2,2,
2,2,2,2,2,2,2,2,2,2,
2,2,2,2,2,2,2,2,2,2,
2,2,2,2,2,2,2,2,2,2,
2,2,2,2,2,2,2,2,2,2,
2,2,2,2,2,2,2,2,2,2,
2,2,2,2,2,2,2,2,2,2,
2,2,2,2,2,2,2,2,2,2,
2,2,2,2,2,2,2,2,2,2,
2,2,2,2,2,2,2,2,2,2,
2,2,2,2,2,2,2,2,2,2,
2,2,2,2,2,2,2,2,2,2,
2,2,2,2,2,2,2,2,2,2,
2,2,2,2,2,2,2,2,2,2,
2,2,2,2,2,2,2,2,2,2,
2,2,2,2,2,2,2,2,2,2,
2,2,2,2,2,2,2,2,2,2,
2,2,2,2,2,2,2,2,2,2,
2,2,2,2,2,2,2,2,2,2,
2,2,2,2,2,2,2,2,2,2,
2,2,2,2,2,2,2,2,2,2,
2,2,2,2,2,2,2,2,2,2,
2,2,2,2,2,2,2,2,2,2,
2,2,2,2,2,2,2,2,2,2,
2,2,2,2,2,2,2,2,2,2,
2,2,2,2,2,2,2,2,2,2,
2,2,2,2,2,2,2,2,2,2,
2,2,2,2,2,2,2,2,2,2,
2,2,2,2,2,2,2,2,2,2,
2,2,2,2,2,2,2,2,2,2,
2,2,2,2,2,2,2,2,2,2,
2,2,2,2,2,2,2,2,2,2,
2,2,2,2,2,2,2,2,2,2,
2,2,2,2,2,2,2,2,2,2,
2,2,2,2,2,2,2,2,2,2,
2,2,2,2,2,2,2,2,2,2,
2,2,2,2,2,2,2,2,2,2,
2,2,2,2,2,2,2,2,2,2,
2,2,2,2,2,2,2,2,2,2,
2,2,2,2,2,2,2,2,2,2,
2,2,2,2,2,2,2,2,2,2,
2,2,2,2,2,2,2,2,2,2,
2,2,2,2,2,2,2,2,2,2,
2,2,2,2,2,2,2,2,2,2,
2,2,2,2,2,2,2,2,2,2,
2,2,2,2,2,2,2,2,2,2,
2,2,2,2,2,2,2,2,2,2,
2,2,2,2,2,2,2,2,2,2,
2,2,2,2,2,2,2,2,2,2,
2,2,2,2,2,2,2,2,2,2,
2,2,2,2,2,2,2,2,2,2,
2,2,2,2,2,2,2,2,2,2,
2,2,2,2,2,2,2,2,2,2,
2,2,2,2,2,2,2,2,2,2,
2,2,2,2,2,2,2,2,2,2,
2,2,2,2,2,2,2,2,2,2,
2,2,2,2,2,2,2,2,2,2,
2,2,2,2,2,2,2,2,2,2,
2,2,2,2,2,2,2,2,2,2,
2,2,2,2,2,2,2,2,2,2,
2,2,2,2,2,2,2,2,2,2,
2,2,2,2,2,2,2,2,2,2,
2,2,2,2,2,2,2,2,2,2,
2,2,2,2,2,2,2,2,2,2,
2,2,2,2,2,2,2,2,2,2,
2,2,2,2,2,2,2,2,2,2,
2,2,2,2,2,2,2,2,2,2,
2,2,2,2,2,2,2,2,2,2,
2,2,2,2,2,2,2,2,2,2,
2,2,2,2,2,2,2,2,2,2,
2,2,2,2,2,2,2,2,2,2,
2,2,2,2,2,2,2,2,2,2,
2,2,2,2,2,2,2,2,2,2,
2,2,2,2,2,2,2,2,2,2,
2,2,2,2,2,2,2,2,2,2,
2,2,2,2,2,2,2,2,2,2,
2,2,2,2,2,2,2,2,2,2,
2,2,2,2,2,2,2,2,2,2,
2,2,2,2,2,2,2,2,2,2,
2,2,2,2,2,2,2,2,2,2,
2,2,2,2,2,2,2,2,2,2,
2,2,2,2,2,2,2,2,2,2,
2,2,2,2,2,2,2,2,2,2,
2,2,2,2,2,2,2,2,2,2,
2,2,2,2,2,2,2,2,2,2,
2,2,2,2,2,2,2,2,2,2,
2,2,2,2,2,2,2,2,2,2,
2,2,2,2,2,2,2,2,2,2,
2,2,2,2,2,2,2,2,2,2,
2,2,2,2,2,2,2,2,2,2,
2,2,2,2,2,2,2,2,2,2,
2,2,2,2,2,2,2,2,2,2,
2,2,2,2,2,2,2,2,2,2,
2,2,2,2,2,2,2,2,2,2,
2,2,2,2,2,2,2,2,2,2,
2,2,2,2,2,2,2,2,2,2,
2,2,2,2,2,2,2,2,2,2,
2,2,2,2,2,2,2,2,2,2,
2,2,2,2,2,2,2,2,2,2,
2,2,2,2,2,2,2,2,2,2,
2,2,2,2,2,2,2,2,2,2,
2,2,2,2,2,2,2,2,2,2,
2,


number of results: 6371


